' '
'POLSTE_HEMI'
  6         1.000        45.000       -98.000       -98.000        90.000
'LamCon_40N_97W'
  2        33.000        45.000       -97.000       -97.000        40.000
' '
'108NHEMI2'
'POLSTE_HEMI' -10098000.000 -10098000.000    108000.000    108000.000 187 187   1
'108US2'
'LamCon_40N_97W'     -2412000.0 -1620000.0 108000.0 108000.0 44 27 1
'36US3'
'LamCon_40N_97W'  -2952000.000  -2772000.000     36000.000     36000.000 172  148   1
'12US1'
'LamCon_40N_97W'     -2556000.0 -1728000.0 12000.0 12000.0 459 299 1
'12US2'
'LamCon_40N_97W'     -2412000.0 -1620000.0 12000.0 12000.0 396 246 1
'TEST'
'LamCon_40N_97W'  -2952000.000  -2772000.000    144000.000    144000.000 43  37   1
' '
